# No.Blocks      Mean       Error        Error_in_Error
                    74  -1.22302709459459       1.626147229706188E-002
  1.345809023039269E-003
                    37  -1.22302709459459       2.301455015217872E-002
  2.712290746427244E-003
                    18  -1.22812644444444       3.245769662738911E-002
  5.566449048582014E-003
                     9  -1.22812644444444       4.502241317533184E-002
  1.125560329383296E-002
                     4  -1.24348270312500       6.489402985808089E-002
  2.649287675087241E-002
                     2  -1.24348270312500       0.104460734374999     
  7.386489364428869E-002
