2.154287627     0.018777
2.267671186     -0.019384 
2.456643785     -0.051878
2.570027344     -0.059136
2.668160815     -0.060786
2.834588983     -0.057631
3.023561582     -0.049060
3.401506779     -0.028770
3.779451977     -0.014234
4.157397175     -0.006214
4.535342373     -0.002590
5.291232768     -0.000373
15.117807909     0.000

#1.5 -28.9805610951201   -0.141179895    0.0003  378000      2100000
#1.7 -29.0574320098602   -0.130741134    0.0003  381000      2150000
#1.9 -29.0979001423177   -0.123248971    0.0005  391000      1890000
#2.0 -29.1100559100321   -0.119908567    0.0004  387000      1870000
#2.1 -29.1187494595971   -0.116758112    0.0003  399000      1900000
#2.2 -29.1249590742566   -0.113874137    0.0002  406000      1950000
#2.3 -29.1294212736788   -0.111119525    0.0004  406000      1940000
#2.4 -29.1326611409386   -0.108545282    0.0004  402000      1920000
#2.5 -29.1350561929189   -0.106293155    0.0001  397000      1890000
#2.6 -29.1368709348377   -0.104273261    0.0002  391000      1870000
#2.7 -29.1382866979316   -0.102523       0.0005  389000      1850000
#2.8 -29.1394252762669   -0.100996728    0.0005  386000      1840000
#2.9 -29.1403656284710 -0.996974140E-01  0.0004  385000      1830000
#3.0 -29.1411607625127 -0.985831144E-01  0.0004  375000      1790000
#3.2 -29.1424349317062 -0.968960130E-01  0.0002  370000      1760000
#3.4 -29.1433970313058 -0.956527600E-01  0.0002  360000      1710000
